1.000000000000000000e+02 9.525100000000000788e-01
1.122018454301963004e+02 9.504500000000000171e-01
1.258925411794167530e+02 9.455500000000001126e-01
1.412537544622753956e+02 9.468299999999999494e-01
1.584893192461114211e+02 9.518399999999997974e-01
1.778279410038922776e+02 9.468699999999998784e-01
1.995262314968878741e+02 9.467200000000000060e-01
2.238721138568340052e+02 9.450399999999998801e-01
2.511886431509579722e+02 9.448699999999998766e-01
2.818382931264454783e+02 9.353499999999999037e-01
3.162277660168379612e+02 9.372800000000000020e-01
3.548133892335753217e+02 9.373899999999999455e-01
3.981071705534973262e+02 9.387300000000000644e-01
4.466835921509630225e+02 9.360899999999999777e-01
5.011872336272724624e+02 9.283200000000001451e-01
5.623413251903490391e+02 9.255700000000001149e-01
6.309573444801930009e+02 9.199699999999998434e-01
7.079457843841380509e+02 9.154500000000000970e-01
7.943282347242812875e+02 9.092200000000000282e-01
8.912509381337458763e+02 9.084200000000000053e-01
1.000000000000000000e+03 9.032999999999999918e-01
1.122018454301962947e+03 8.883400000000002406e-01
1.258925411794167530e+03 8.828099999999999836e-01
1.412537544622755377e+03 8.765200000000000768e-01
1.584893192461114040e+03 8.666700000000000514e-01
1.778279410038922833e+03 8.477399999999999380e-01
1.995262314968878854e+03 8.483100000000001195e-01
2.238721138568339939e+03 8.288600000000001522e-01
2.511886431509582053e+03 8.215999999999997749e-01
2.818382931264454783e+03 8.138600000000000279e-01
3.162277660168379498e+03 7.991299999999998960e-01
3.548133892335752989e+03 7.668300000000000116e-01
3.981071705534973262e+03 7.533900000000000041e-01
4.466835921509635227e+03 7.261700000000002042e-01
5.011872336272725079e+03 6.987600000000000477e-01
5.623413251903491073e+03 6.892599999999999838e-01
6.309573444801930236e+03 6.621099999999999763e-01
7.079457843841380964e+03 6.486499999999999488e-01
7.943282347242821743e+03 6.031800000000000495e-01
8.912509381337458763e+03 5.784799999999998832e-01
1.000000000000000000e+04 5.377499999999999503e-01
1.122018454301965357e+04 5.136399999999999855e-01
1.258925411794166212e+04 4.881500000000000283e-01
1.412537544622755377e+04 4.449700000000000322e-01
1.584893192461114086e+04 4.157300000000000439e-01
1.778279410038922651e+04 3.925500000000000655e-01
1.995262314968882856e+04 3.588999999999999968e-01
2.238721138568337847e+04 3.186800000000000743e-01
2.511886431509582326e+04 2.968700000000000783e-01
2.818382931264454965e+04 2.413799999999999835e-01
3.162277660168379225e+04 2.082799999999999929e-01
