0.000000000000000000e+00 9.908000000000000140e-01 9.199999999999999845e-03
5.000000000000000104e-03 9.931999999999999718e-01 6.799999999999999621e-03
1.000000000000000021e-02 9.909999999999999920e-01 8.999999999999999320e-03
1.499999999999999944e-02 9.886000000000000343e-01 1.140000000000000041e-02
2.000000000000000042e-02 9.893999999999999462e-01 1.060000000000000005e-02
2.500000000000000139e-02 9.818000000000000060e-01 1.820000000000000090e-02
2.999999999999999889e-02 9.759999999999999787e-01 2.400000000000000050e-02
3.500000000000000333e-02 9.844000000000000528e-01 1.559999999999999928e-02
4.000000000000000083e-02 9.766000000000000236e-01 2.340000000000000066e-02
4.499999999999999833e-02 9.676000000000000156e-01 3.239999999999999825e-02
5.000000000000000278e-02 9.631999999999999451e-01 3.679999999999999938e-02
5.500000000000000028e-02 9.579999999999999627e-01 4.200000000000000261e-02
5.999999999999999778e-02 9.495999999999999996e-01 5.040000000000000036e-02
6.500000000000000222e-02 9.502000000000000446e-01 4.979999999999999705e-02
7.000000000000000666e-02 9.557999999999999829e-01 4.420000000000000318e-02
7.499999999999999722e-02 9.295999999999999819e-01 7.040000000000000424e-02
8.000000000000000167e-02 9.230000000000000426e-01 7.699999999999999900e-02
8.500000000000000611e-02 9.290000000000000480e-01 7.099999999999999367e-02
8.999999999999999667e-02 9.250000000000000444e-01 7.499999999999999722e-02
9.500000000000000111e-02 9.065999999999999615e-01 9.339999999999999691e-02
1.000000000000000056e-01 8.813999999999999613e-01 1.185999999999999971e-01
1.049999999999999961e-01 9.120000000000000329e-01 8.799999999999999489e-02
1.100000000000000006e-01 8.649999999999999911e-01 1.350000000000000089e-01
1.150000000000000050e-01 8.611999999999999655e-01 1.388000000000000067e-01
1.199999999999999956e-01 8.276000000000000023e-01 1.723999999999999977e-01
1.250000000000000000e-01 8.401999999999999469e-01 1.597999999999999976e-01
1.300000000000000044e-01 8.272000000000000464e-01 1.728000000000000091e-01
1.350000000000000089e-01 8.149999999999999467e-01 1.849999999999999978e-01
1.400000000000000133e-01 7.980000000000000426e-01 2.020000000000000129e-01
1.449999999999999900e-01 7.723999999999999755e-01 2.275999999999999968e-01
1.499999999999999944e-01 7.364000000000000545e-01 2.636000000000000010e-01
1.549999999999999989e-01 7.346000000000000307e-01 2.654000000000000248e-01
1.600000000000000033e-01 7.408000000000000140e-01 2.591999999999999860e-01
1.650000000000000078e-01 6.743999999999999995e-01 3.256000000000000005e-01
1.700000000000000122e-01 6.720000000000000417e-01 3.280000000000000138e-01
1.750000000000000167e-01 6.622000000000000108e-01 3.377999999999999892e-01
1.799999999999999933e-01 6.248000000000000220e-01 3.751999999999999780e-01
1.849999999999999978e-01 6.301999999999999824e-01 3.698000000000000176e-01
1.900000000000000022e-01 6.593999999999999861e-01 3.406000000000000139e-01
1.950000000000000067e-01 6.233999999999999542e-01 3.765999999999999903e-01
2.000000000000000111e-01 6.061999999999999611e-01 3.937999999999999834e-01
2.050000000000000155e-01 6.029999999999999805e-01 3.970000000000000195e-01
2.099999999999999922e-01 5.806000000000000050e-01 4.193999999999999950e-01
2.149999999999999967e-01 5.889999999999999680e-01 4.109999999999999765e-01
2.200000000000000011e-01 5.692000000000000393e-01 4.308000000000000163e-01
2.250000000000000056e-01 5.420000000000000373e-01 4.580000000000000182e-01
2.300000000000000100e-01 5.472000000000000197e-01 4.527999999999999803e-01
2.350000000000000144e-01 4.829999999999999849e-01 5.170000000000000151e-01
2.399999999999999911e-01 4.504000000000000226e-01 5.495999999999999774e-01
2.449999999999999956e-01 4.593999999999999750e-01 5.405999999999999694e-01
2.500000000000000000e-01 4.072000000000000064e-01 5.927999999999999936e-01
2.550000000000000044e-01 5.293999999999999817e-01 4.706000000000000183e-01
2.600000000000000089e-01 5.181999999999999940e-01 4.818000000000000060e-01
2.650000000000000133e-01 4.632000000000000006e-01 5.368000000000000549e-01
2.700000000000000178e-01 4.719999999999999751e-01 5.280000000000000249e-01
2.750000000000000222e-01 5.302000000000000046e-01 4.697999999999999954e-01
2.800000000000000266e-01 4.882000000000000228e-01 5.118000000000000327e-01
2.850000000000000311e-01 5.333999999999999853e-01 4.666000000000000147e-01
2.899999999999999800e-01 4.832000000000000184e-01 5.168000000000000371e-01
2.949999999999999845e-01 4.888000000000000123e-01 5.111999999999999877e-01
2.999999999999999889e-01 4.672000000000000042e-01 5.328000000000000513e-01
3.049999999999999933e-01 4.335999999999999854e-01 5.664000000000000146e-01
3.099999999999999978e-01 4.368000000000000216e-01 5.632000000000000339e-01
3.150000000000000022e-01 4.222000000000000197e-01 5.777999999999999803e-01
3.200000000000000067e-01 4.202000000000000179e-01 5.797999999999999821e-01
3.250000000000000111e-01 4.359999999999999987e-01 5.639999999999999458e-01
3.300000000000000155e-01 3.669999999999999929e-01 6.330000000000000071e-01
3.350000000000000200e-01 3.568000000000000060e-01 6.431999999999999940e-01
3.400000000000000244e-01 3.648000000000000131e-01 6.351999999999999869e-01
3.450000000000000289e-01 3.330000000000000182e-01 6.670000000000000373e-01
3.500000000000000333e-01 2.999999999999999889e-01 6.999999999999999556e-01
3.549999999999999822e-01 2.982000000000000206e-01 7.017999999999999794e-01
3.599999999999999867e-01 2.988000000000000100e-01 7.012000000000000455e-01
3.649999999999999911e-01 2.587999999999999745e-01 7.411999999999999700e-01
3.699999999999999956e-01 2.604000000000000203e-01 7.396000000000000352e-01
3.750000000000000000e-01 2.538000000000000256e-01 7.461999999999999744e-01
3.800000000000000044e-01 2.376000000000000056e-01 7.623999999999999666e-01
3.850000000000000089e-01 2.351999999999999924e-01 7.648000000000000353e-01
3.900000000000000133e-01 2.223999999999999866e-01 7.775999999999999579e-01
3.950000000000000178e-01 2.091999999999999971e-01 7.907999999999999474e-01
4.000000000000000222e-01 1.962000000000000133e-01 8.037999999999999590e-01
4.050000000000000266e-01 2.051999999999999935e-01 7.947999999999999510e-01
4.100000000000000311e-01 2.857999999999999985e-01 7.141999999999999460e-01
4.150000000000000355e-01 1.922000000000000097e-01 8.077999999999999625e-01
4.199999999999999845e-01 1.303999999999999881e-01 8.696000000000000396e-01
4.249999999999999889e-01 1.615999999999999936e-01 8.384000000000000341e-01
4.299999999999999933e-01 1.378000000000000058e-01 8.621999999999999664e-01
4.349999999999999978e-01 1.097999999999999948e-01 8.901999999999999913e-01
4.400000000000000022e-01 1.502000000000000002e-01 8.497999999999999998e-01
4.450000000000000067e-01 1.613999999999999879e-01 8.386000000000000121e-01
4.500000000000000111e-01 9.120000000000000329e-02 9.088000000000000522e-01
4.550000000000000155e-01 1.063999999999999946e-01 8.935999999999999499e-01
4.600000000000000200e-01 7.960000000000000409e-02 9.203999999999999959e-01
4.650000000000000244e-01 9.420000000000000595e-02 9.058000000000000496e-01
4.700000000000000289e-01 7.140000000000000513e-02 9.285999999999999810e-01
4.750000000000000333e-01 6.260000000000000286e-02 9.374000000000000110e-01
4.799999999999999822e-01 1.055999999999999994e-01 8.943999999999999728e-01
4.849999999999999867e-01 7.699999999999999900e-02 9.230000000000000426e-01
4.899999999999999911e-01 7.080000000000000182e-02 9.292000000000000259e-01
4.949999999999999956e-01 8.060000000000000497e-02 9.193999999999999950e-01
5.000000000000000000e-01 6.099999999999999867e-02 9.389999999999999458e-01
5.050000000000000044e-01 1.416000000000000036e-01 8.584000000000000519e-01
5.100000000000000089e-01 9.339999999999999691e-02 9.065999999999999615e-01
5.150000000000000133e-01 1.378000000000000058e-01 8.621999999999999664e-01
5.200000000000000178e-01 8.039999999999999925e-02 9.195999999999999730e-01
5.250000000000000222e-01 9.180000000000000659e-02 9.082000000000000073e-01
5.300000000000000266e-01 5.960000000000000020e-02 9.404000000000000137e-01
5.350000000000000311e-01 5.419999999999999818e-02 9.457999999999999741e-01
5.400000000000000355e-01 7.839999999999999747e-02 9.215999999999999748e-01
5.450000000000000400e-01 7.059999999999999609e-02 9.294000000000000039e-01
5.500000000000000444e-01 7.820000000000000562e-02 9.217999999999999527e-01
5.550000000000000488e-01 6.959999999999999520e-02 9.304000000000000048e-01
5.600000000000000533e-01 6.519999999999999407e-02 9.347999999999999643e-01
5.650000000000000577e-01 6.859999999999999432e-02 9.314000000000000057e-01
5.700000000000000622e-01 1.297999999999999987e-01 8.701999999999999735e-01
5.750000000000000666e-01 1.015999999999999959e-01 8.983999999999999764e-01
5.799999999999999600e-01 6.740000000000000158e-02 9.325999999999999845e-01
5.849999999999999645e-01 7.040000000000000424e-02 9.295999999999999819e-01
5.899999999999999689e-01 5.759999999999999842e-02 9.424000000000000155e-01
5.949999999999999734e-01 8.559999999999999554e-02 9.143999999999999906e-01
5.999999999999999778e-01 5.460000000000000270e-02 9.454000000000000181e-01
6.049999999999999822e-01 7.960000000000000409e-02 9.203999999999999959e-01
6.099999999999999867e-01 7.119999999999999940e-02 9.287999999999999590e-01
6.149999999999999911e-01 8.179999999999999771e-02 9.182000000000000162e-01
6.199999999999999956e-01 8.079999999999999682e-02 9.192000000000000171e-01
6.250000000000000000e-01 8.319999999999999618e-02 9.167999999999999483e-01
6.300000000000000044e-01 8.440000000000000280e-02 9.155999999999999694e-01
6.350000000000000089e-01 8.920000000000000151e-02 9.108000000000000540e-01
6.400000000000000133e-01 7.900000000000000078e-02 9.210000000000000409e-01
6.450000000000000178e-01 1.421999999999999931e-01 8.578000000000000069e-01
6.500000000000000222e-01 9.339999999999999691e-02 9.065999999999999615e-01
6.550000000000000266e-01 1.134000000000000008e-01 8.866000000000000547e-01
6.600000000000000311e-01 1.192000000000000004e-01 8.808000000000000274e-01
6.650000000000000355e-01 8.500000000000000611e-02 9.150000000000000355e-01
6.700000000000000400e-01 1.213999999999999940e-01 8.786000000000000476e-01
6.750000000000000444e-01 1.147999999999999993e-01 8.851999999999999869e-01
6.800000000000000488e-01 1.215999999999999998e-01 8.783999999999999586e-01
6.850000000000000533e-01 1.678000000000000047e-01 8.322000000000000508e-01
6.900000000000000577e-01 1.731999999999999929e-01 8.267999999999999794e-01
6.950000000000000622e-01 2.066000000000000059e-01 7.933999999999999941e-01
7.000000000000000666e-01 2.088000000000000134e-01 7.912000000000000144e-01
7.049999999999999600e-01 1.963999999999999913e-01 8.035999999999999810e-01
7.099999999999999645e-01 2.033999999999999975e-01 7.965999999999999748e-01
7.149999999999999689e-01 2.270000000000000073e-01 7.730000000000000204e-01
7.199999999999999734e-01 2.260000000000000064e-01 7.740000000000000213e-01
7.249999999999999778e-01 2.136000000000000121e-01 7.863999999999999879e-01
7.299999999999999822e-01 2.346000000000000030e-01 7.653999999999999693e-01
7.349999999999999867e-01 2.703999999999999737e-01 7.296000000000000263e-01
7.399999999999999911e-01 2.265999999999999959e-01 7.733999999999999764e-01
7.449999999999999956e-01 2.631999999999999895e-01 7.368000000000000105e-01
7.500000000000000000e-01 3.002000000000000224e-01 6.997999999999999776e-01
7.550000000000000044e-01 2.096000000000000085e-01 7.903999999999999915e-01
7.600000000000000089e-01 2.328000000000000069e-01 7.671999999999999931e-01
7.650000000000000133e-01 2.411999999999999977e-01 7.588000000000000300e-01
7.700000000000000178e-01 2.605999999999999983e-01 7.393999999999999462e-01
7.750000000000000222e-01 2.661999999999999922e-01 7.338000000000000078e-01
7.800000000000000266e-01 3.128000000000000225e-01 6.872000000000000330e-01
7.850000000000000311e-01 3.104000000000000092e-01 6.895999999999999908e-01
7.900000000000000355e-01 2.810000000000000275e-01 7.189999999999999725e-01
7.950000000000000400e-01 3.109999999999999987e-01 6.889999999999999458e-01
8.000000000000000444e-01 3.119999999999999996e-01 6.879999999999999449e-01
8.050000000000000488e-01 3.416000000000000147e-01 6.583999999999999853e-01
8.100000000000000533e-01 3.857999999999999763e-01 6.141999999999999682e-01
8.150000000000000577e-01 3.613999999999999990e-01 6.385999999999999455e-01
8.200000000000000622e-01 3.764000000000000123e-01 6.236000000000000432e-01
8.250000000000000666e-01 3.735999999999999877e-01 6.263999999999999568e-01
8.300000000000000711e-01 3.824000000000000177e-01 6.176000000000000378e-01
8.349999999999999645e-01 3.679999999999999938e-01 6.320000000000000062e-01
8.399999999999999689e-01 4.003999999999999782e-01 5.996000000000000218e-01
8.449999999999999734e-01 4.116000000000000214e-01 5.884000000000000341e-01
8.499999999999999778e-01 4.208000000000000074e-01 5.792000000000000481e-01
8.549999999999999822e-01 4.212000000000000188e-01 5.787999999999999812e-01
8.599999999999999867e-01 4.703999999999999848e-01 5.295999999999999597e-01
8.649999999999999911e-01 4.329999999999999960e-01 5.669999999999999485e-01
8.699999999999999956e-01 4.788000000000000034e-01 5.211999999999999966e-01
8.750000000000000000e-01 4.647999999999999909e-01 5.352000000000000091e-01
8.800000000000000044e-01 4.269999999999999907e-01 5.729999999999999538e-01
8.850000000000000089e-01 4.591999999999999971e-01 5.407999999999999474e-01
8.900000000000000133e-01 4.339999999999999969e-01 5.659999999999999476e-01
8.950000000000000178e-01 4.611999999999999988e-01 5.387999999999999456e-01
9.000000000000000222e-01 4.853999999999999981e-01 5.145999999999999464e-01
9.050000000000000266e-01 4.702000000000000068e-01 5.298000000000000487e-01
9.100000000000000311e-01 4.752000000000000113e-01 5.248000000000000442e-01
9.150000000000000355e-01 5.030000000000000027e-01 4.969999999999999973e-01
9.200000000000000400e-01 5.195999999999999508e-01 4.803999999999999937e-01
9.250000000000000444e-01 4.517999999999999794e-01 5.482000000000000206e-01
9.300000000000000488e-01 4.663999999999999813e-01 5.335999999999999632e-01
9.350000000000000533e-01 4.567999999999999838e-01 5.432000000000000162e-01
9.400000000000000577e-01 4.786000000000000254e-01 5.213999999999999746e-01
9.450000000000000622e-01 4.742000000000000104e-01 5.258000000000000451e-01
9.500000000000000666e-01 4.955999999999999850e-01 5.043999999999999595e-01
9.550000000000000711e-01 5.270000000000000240e-01 4.729999999999999760e-01
9.599999999999999645e-01 5.557999999999999607e-01 4.441999999999999837e-01
9.649999999999999689e-01 5.994000000000000439e-01 4.006000000000000116e-01
9.699999999999999734e-01 6.256000000000000449e-01 3.744000000000000106e-01
9.749999999999999778e-01 5.919999999999999707e-01 4.079999999999999738e-01
9.799999999999999822e-01 6.181999999999999718e-01 3.817999999999999727e-01
9.849999999999999867e-01 6.068000000000000060e-01 3.931999999999999940e-01
9.899999999999999911e-01 6.493999999999999773e-01 3.506000000000000227e-01
9.949999999999999956e-01 6.238000000000000211e-01 3.761999999999999789e-01
1.000000000000000000e+00 6.693999999999999950e-01 3.306000000000000050e-01
