1.000000000000000056e-01 6.913500000000001589e-02 9.308649999999998315e-01
1.122018454301963036e-01 6.845500000000001584e-02 9.315450000000000674e-01
1.258925411794167559e-01 7.701999999999999125e-02 9.229800000000001337e-01
1.412537544622753938e-01 7.432500000000000218e-02 9.256750000000000256e-01
1.584893192461114264e-01 7.406499999999997808e-02 9.259349999999999525e-01
1.778279410038922648e-01 8.298000000000001208e-02 9.170199999999999463e-01
1.995262314968878625e-01 7.903999999999999915e-02 9.209600000000002229e-01
2.238721138568340041e-01 8.015500000000000402e-02 9.198450000000001348e-01
2.511886431509579576e-01 8.149999999999998912e-02 9.184999999999998721e-01
2.818382931264454827e-01 8.186999999999998445e-02 9.181300000000000017e-01
3.162277660168379412e-01 8.004999999999999616e-02 9.199499999999998234e-01
3.548133892335753048e-01 8.740499999999999658e-02 9.125950000000001561e-01
3.981071705534973137e-01 8.966999999999999971e-02 9.103300000000003056e-01
4.466835921509630380e-01 9.335000000000001630e-02 9.066500000000001780e-01
5.011872336272724660e-01 8.948500000000000898e-02 9.105149999999999633e-01
5.623413251903490728e-01 9.483500000000001651e-02 9.051649999999998863e-01
6.309573444801930275e-01 9.847000000000000197e-02 9.015299999999999425e-01
7.079457843841380216e-01 1.025399999999999923e-01 8.974599999999999245e-01
7.943282347242812680e-01 1.047249999999999986e-01 8.952749999999998209e-01
8.912509381337458958e-01 1.075050000000000033e-01 8.924950000000000383e-01
1.000000000000000000e+00 1.249500000000000055e-01 8.750499999999998835e-01
1.122018454301962898e+00 1.281950000000000034e-01 8.718050000000001631e-01
1.258925411794167504e+00 1.370599999999999874e-01 8.629400000000000404e-01
1.412537544622755270e+00 1.454299999999999760e-01 8.545699999999998298e-01
1.584893192461114042e+00 1.578349999999999476e-01 8.421649999999999414e-01
1.778279410038922759e+00 1.696550000000000002e-01 8.303449999999999998e-01
1.995262314968878847e+00 1.770749999999999547e-01 8.229250000000000176e-01
2.238721138568339875e+00 1.954699999999999771e-01 8.045300000000000784e-01
2.511886431509581907e+00 2.082149999999999834e-01 7.917849999999999611e-01
2.818382931264454605e+00 2.240449999999999942e-01 7.759549999999999503e-01
3.162277660168379523e+00 2.526149999999999229e-01 7.473850000000000771e-01
3.548133892335752826e+00 2.554450000000000331e-01 7.445549999999999669e-01
3.981071705534973137e+00 2.735549999999999926e-01 7.264450000000000074e-01
4.466835921509635376e+00 3.054049999999999820e-01 6.945949999999999624e-01
5.011872336272724660e+00 3.194400000000000017e-01 6.805600000000000538e-01
5.623413251903491172e+00 3.430099999999999816e-01 6.569899999999999629e-01
6.309573444801929831e+00 3.645550000000000179e-01 6.354450000000001486e-01
7.079457843841381326e+00 3.920450000000000879e-01 6.079550000000000232e-01
7.943282347242822006e+00 4.089200000000000057e-01 5.910800000000000498e-01
8.912509381337459402e+00 4.495750000000001134e-01 5.504249999999999421e-01
1.000000000000000000e+01 4.744300000000000184e-01 5.255699999999999816e-01
1.122018454301965384e+01 4.951349999999998808e-01 5.048650000000001192e-01
1.258925411794166216e+01 5.336300000000000487e-01 4.663699999999999513e-01
1.412537544622755448e+01 5.632599999999999829e-01 4.367400000000000171e-01
1.584893192461113998e+01 6.003650000000000375e-01 3.996349999999999625e-01
1.778279410038922492e+01 6.290799999999999725e-01 3.709199999999999164e-01
1.995262314968882933e+01 6.632800000000000917e-01 3.367200000000000748e-01
2.238721138568337921e+01 6.968550000000001132e-01 3.031449999999999978e-01
2.511886431509582351e+01 7.234499999999999265e-01 2.765499999999999625e-01
2.818382931264455138e+01 7.509099999999999664e-01 2.490899999999999781e-01
3.162277660168379256e+01 7.806450000000000333e-01 2.193550000000000222e-01
