7.000000000000000000e+01 7.243902439024391127e-01
4.200000000000000000e+01 5.734146341463414176e-01
2.800000000000000000e+01 5.741463414634145890e-01
2.100000000000000000e+01 8.446341463414633877e-01
1.680000000000000071e+01 4.965853658536585336e-01
1.400000000000000000e+01 5.678048780487805480e-01
1.200000000000000000e+01 7.065853658536586090e-01
1.050000000000000000e+01 7.307317073170731536e-01
9.333333333333333925e+00 8.768292682926828174e-01
8.400000000000000355e+00 1.510243902439024399e+00
7.636363636363636687e+00 2.588048780487804734e+00
